612
(50, 255), (51, 273), -0.038706102028495115, -0.9301121569155688, 1
(54, 255), (57, 275), -0.6564247170364987, 0.20756430111767754, 1
(57, 240), (61, 260), -0.07856735658235592, -0.7146897897231361, 1
(61, 255), (62, 271), -0.19694702412807286, -0.15687810701390803, 1
(63, 225), (60, 241), 0.5148278309746543, -0.6594584220385717, 1
(65, 240), (63, 253), -0.5149161744279978, -0.47056984851781336, 1
(62, 255), (65, 269), -0.14864629707779042, -0.6326622552225545, 1
(64, 225), (65, 242), -0.30161899574446216, -0.5455327799976228, 1
(66, 240), (66, 259), 0.2280016557557123, -0.6350485003878452, 1
(69, 255), (69, 276), 0.8572642443105136, -0.9781541530255748, 1
(73, 225), (72, 241), 0.6561677851924907, 0.4302040521415045, 1
(69, 240), (70, 259), -0.0655990995771023, -0.8042085554889238, 1
(79, 225), (77, 244), 0.8124495507252865, 0.5102019263583655, 1
(73, 240), (77, 257), 0.3512573573913309, 0.7597576635284817, 1
(81, 195), (76, 216), 0.38029011918908373, 0.6104369140816559, 1
(76, 225), (77, 249), -0.9849283301984915, 0.18434174413238846, 1
(80, 240), (81, 267), 0.20856940531001866, -0.32401595779421744, 1
(80, 300), (76, 327), 0.6190512952709506, -0.04120311069363369, 1
(81, 315), (82, 344), -0.8716152097355945, -0.22571159331091528, 1
(79, 330), (81, 359), 0.636926182935692, -0.04638573714407235, 1
(81, 225), (87, 242), -0.25378629528512153, -0.563039199733959, 1
(81, 240), (83, 258), 0.24595036998360054, 0.9050637906918952, 1
(87, 285), (83, 300), -0.969528075426298, -0.4935555804412659, 1
(80, 300), (86, 311), -0.17410567765649398, 0.7429489141042236, 1
(84, 315), (86, 322), 0.6836487514759142, -0.005362068377486207, 1
(81, 330), (82, 333), -0.9357408748828349, 0.5867519082526351, 1
(89, 225), (90, 243), -0.8100702218223716, 0.3174823272355636, 1
(90, 240), (85, 255), -0.4644383967020578, -0.48787782441018823, 1
(88, 285), (89, 300), -0.3841533116900433, 0.4957879531472089, 1
(89, 225), (89, 241), 0.3230285863116047, 0.5066960610598281, 1
(92, 240), (89, 258), 0.3268968139152597, -0.5829220051762334, 1
(88, 285), (89, 305), 0.6404893290871032, 0.7293863835454844, 1
(92, 300), (90, 318), -0.8554930022386171, 0.7771058527915258, 1
(94, 315), (94, 329), -0.1631033078377866, 0.7053826499646909, 1
(89, 330), (90, 344), 0.09707279703616778, 0.10354107670465384, 1
(93, 195), (95, 214), 0.35258872292197907, 0.4975837627879889, 1
(97, 225), (98, 247), -0.8478814900691358, 0.8996567211362188, 1
(92, 240), (93, 264), -0.5493202580573795, 0.3028431960428646, 1
(93, 270), (92, 296), 0.32033228667505864, -0.2923983248249735, 1
(96, 285), (98, 307), -0.46244238332284815, -0.5053464047814311, 1
(97, 300), (96, 323), 0.5735642897970832, -0.5215692309885676, 1
(96, 315), (97, 337), -0.5624357207444513, 0.24874737688301685, 1
(97, 135), (96, 152), -0.17145359545670025, 0.06463877689232467, 1
(100, 225), (97, 241), -0.4102487766529139, 0.918258112878598, 1
(103, 240), (97, 259), 0.8821437865018273, 0.40039165380093245, 1
(100, 270), (96, 291), -0.5675667462519722, -0.046956041393109604, 1
(103, 285), (98, 306), 0.6559335220088678, 0.009582298649080556, 1
(99, 300), (98, 317), -0.7924591241045458, 0.8426566667136224, 1
(103, 225), (105, 244), 0.8026913606168917, 0.46271497808122897, 1
(107, 240), (104, 258), -0.01893361254909287, 0.7766805642320467, 1
(103, 270), (107, 286), -0.7132519262537751, 0.17949324281742696, 1
(105, 285), (103, 302), -0.9162863748483898, 0.5275133613114915, 1
(104, 300), (106, 316), 0.12661315114834726, -0.2123814562563744, 1
(104, 315), (103, 331), -0.3258956654069305, 0.5311697111265707, 1
(108, 225), (107, 241), 0.9928202875895544, 0.9543026613748256, 1
(110, 240), (109, 253), -0.780518406751397, -0.5788963447887461, 1
(111, 270), (111, 282), -0.675820831492919, 0.22226607162011236, 1
(111, 285), (109, 296), 0.7630509444412763, -0.6298677625599263, 1
(108, 300), (108, 311), 0.40499602848092464, -0.5616574625807431, 1
(110, 315), (105, 325), -0.2570444044253213, -0.5375973291486478, 1
(110, 225), (109, 246), -0.2941046376813494, -0.2820999632691279, 1
(108, 240), (113, 259), -0.16874137893737706, 0.0024329132985709823, 1
(115, 270), (110, 288), 0.42491736695809457, -0.9160379074446094, 1
(110, 300), (110, 314), -0.4760919218355397, -0.1092364870195417, 1
(109, 315), (112, 331), 0.09580626483225863, -0.5244165021703342, 1
(114, 225), (118, 248), -0.6194640430873155, 0.8993382418094842, 1
(115, 240), (112, 261), 0.6538566931014447, 0.41677266702526405, 1
(118, 255), (116, 274), -0.2257536595829761, -0.10579611515965603, 1
(118, 270), (113, 292), 0.9260585377753023, 0.9638328895189827, 1
(112, 285), (115, 307), -0.7467490491795903, 0.17584218705134047, 1
(114, 300), (112, 318), -0.34786963510752034, -0.6821507670528841, 1
(116, 225), (118, 248), -0.9607146905635799, 0.8679816898103383, 1
(123, 240), (116, 260), 0.397898497839156, -0.8818618081397296, 1
(117, 255), (119, 276), -0.659713344158092, 0.7639671342463679, 1
(118, 285), (123, 306), 0.6740311822179723, -0.6573020084202812, 1
(122, 240), (123, 261), 0.4532687228267447, 0.009195346155138395, 1
(122, 255), (126, 278), -0.5049913149617102, 0.723255986919926, 1
(126, 270), (125, 294), -0.9027756809527361, 0.19672058528860625, 1
(127, 300), (122, 321), -0.5559606369061956, 0.8976755509799801, 1
(131, 90), (126, 110), -0.21371721441208047, 0.5022026869294407, 1
(127, 240), (127, 263), -0.019318905006088016, 0.086193053135601, 1
(128, 255), (129, 277), 0.919615606978484, 0.6665369718223537, 1
(131, 270), (127, 293), 0.5092294888753939, -0.08545170645966649, 1
(130, 285), (124, 309), -0.805957542412632, -0.036905394962482685, 1
(125, 300), (124, 321), 0.24123165615911968, 0.3442085685387253, 1
(132, 240), (130, 261), -0.35243546661522784, -0.6827255723257823, 1
(133, 255), (134, 273), 0.3721339586053314, -0.321243114322175, 1
(130, 270), (128, 285), 0.4658503698102434, 0.5875832464707476, 1
(132, 285), (131, 301), -0.7531995429061291, 0.19753548556895617, 1
(129, 300), (130, 316), 0.06188206824086473, 0.15362711840025023, 1
(133, 240), (135, 262), 0.03646297890509076, -0.4647876924479961, 1
(132, 255), (138, 276), -0.6676607615668877, 0.9854094872661598, 1
(139, 270), (135, 289), -0.9492115000314152, 0.9816934219505584, 1
(134, 285), (139, 300), 0.9397273791352019, -0.735752328573126, 1
(133, 300), (133, 315), 0.4016351209793747, 0.8475323815641009, 1
(137, 240), (140, 258), -0.9526054531423793, -0.17483984479290915, 1
(140, 270), (140, 288), 0.41384168081503425, -0.6877318568512933, 1
(139, 285), (138, 304), -0.2509230782636547, 0.942435872794595, 1
(145, 75), (145, 94), 0.3592555891386786, -0.911465115364835, 1
(141, 150), (144, 169), 0.6264928557863847, -0.2742811900436528, 1
(147, 240), (144, 257), -0.8220651483158421, -0.39058422199694265, 1
(141, 255), (145, 275), 0.08475256892491734, 0.5525883797759257, 1
(144, 285), (147, 304), 0.2706865859376282, 0.7903357843777017, 1
(145, 240), (144, 260), -0.7440877174251384, 0.7107583990147037, 1
(145, 270), (145, 289), -0.6588593778274392, 0.4725148476587482, 1
(148, 285), (145, 304), 0.4643360620495449, -0.5861483065691144, 1
(154, 240), (154, 257), -0.8582596433449372, 0.06689312341171605, 1
(155, 255), (155, 271), 0.015635922305428318, 0.9876025793177188, 1
(153, 285), (152, 303), 0.5518292580977671, 0.10734927347816314, 1
(151, 300), (155, 316), -0.8661946109133798, 0.9722664235366834, 1
(154, 105), (152, 125), -0.8067055489164114, -0.2880394602730021, 1
(154, 240), (152, 260), -0.42004019176958285, -0.40257225547414754, 1
(155, 255), (157, 275), 0.38380589497940165, -0.4046953897356069, 1
(156, 270), (159, 288), -0.42891335831494937, -0.3560016515346145, 1
(152, 285), (159, 306), -0.777730678423133, -0.4593425274649574, 1
(157, 315), (156, 334), -0.3638371648512071, 0.279929837784864, 1
(154, 345), (159, 363), -0.3855336546618553, -0.8851675491858155, 1
(159, 360), (157, 379), 0.8275678953833308, -0.9737718673520182, 1
(156, 75), (161, 93), -0.9831755035174765, 0.13780730588373724, 1
(158, 90), (156, 105), -0.5748066901268096, -0.15048510685582128, 1
(161, 240), (163, 255), 0.23533584750059977, 0.8329874206541106, 1
(163, 255), (163, 269), 0.08333436113923431, 0.8328827562293049, 1
(163, 270), (160, 283), 0.965027654947386, -0.2633484451777257, 1
(157, 285), (158, 294), -0.5985487745241711, 0.6991606136673274, 1
(156, 300), (158, 312), -0.8363015379704601, 0.264254444674048, 1
(163, 315), (162, 328), 0.903832709857719, 0.003374931686903615, 1
(162, 330), (159, 341), -0.2811618741404145, 0.33947366331710915, 1
(156, 345), (159, 355), -0.32482666639998103, -0.8070383149268332, 1
(159, 360), (159, 366), -0.44514464684862576, -0.46917538362435596, 1
(166, 75), (166, 91), 0.04694308519172763, 0.7573081320820574, 1
(162, 90), (163, 106), -0.5407519496212734, -0.6230874335219814, 1
(166, 240), (163, 257), -0.9953240484365786, 0.28084860165961856, 1
(163, 255), (164, 271), -0.9541794266938, 0.9257741296598647, 1
(164, 285), (163, 303), -0.5614728196164, -0.2818852873762594, 1
(164, 300), (163, 314), 0.14497919283130356, -0.5649923927977265, 1
(164, 75), (171, 92), -0.03146199215668122, -0.5934465313074173, 1
(170, 90), (166, 110), -0.36626526741189536, -0.7355502222255048, 1
(168, 225), (166, 244), 0.8763864285509744, -0.9615125857290747, 1
(166, 240), (169, 259), -0.08447915133028872, -0.08928701549552187, 1
(166, 255), (166, 271), -0.5648237321239875, -0.07864634189180797, 1
(168, 270), (169, 289), 0.3506680684623662, 0.844706885451217, 1
(164, 285), (171, 301), 0.16065062324697, 0.31810670736723945, 1
(169, 300), (169, 314), 0.9443266237060379, 0.4696453952847224, 1
(164, 315), (169, 325), 0.7789484427582554, 0.5838485551103565, 1
(164, 330), (166, 336), -0.004078431781536551, 0.4786251037014342, 1
(166, 345), (165, 352), 0.49436158880896675, 0.4547018648223453, 1
(169, 90), (168, 106), 0.056649031469928834, -0.8671377440851991, 1
(172, 180), (170, 194), -0.7981385959591005, -0.7053450868009108, 1
(170, 225), (168, 240), -0.5962705806884672, -0.6115610918255012, 1
(171, 240), (169, 256), 0.7423852890726261, 0.10136839455816626, 1
(173, 255), (169, 272), -0.6167329180916692, -0.400310285023902, 1
(173, 270), (170, 286), -0.2826189108192585, -0.053079786237758775, 1
(171, 285), (173, 304), 0.9927520948641186, -0.03530823231521074, 1
(170, 300), (170, 321), 0.12128497503970248, -0.3164655092789159, 1
(168, 315), (173, 335), -0.8230475215163928, -0.2235328257300584, 1
(173, 330), (168, 347), -0.8742713516379348, -0.08760445122211258, 1
(173, 345), (171, 362), 0.8215924316106991, -0.1762576302682206, 1
(176, 90), (177, 113), -0.8965711039869497, 0.5550184038302182, 1
(177, 135), (178, 161), 0.4602747780951171, -0.1403997128444885, 1
(177, 180), (177, 209), 0.5861506218633699, -0.14471936698903942, 1
(179, 225), (177, 252), -0.46910130246824644, 0.9377474330711688, 1
(177, 240), (172, 266), 0.8876560104792255, -0.06436599379128616, 1
(174, 255), (179, 279), -0.3647675211452257, 0.5297823648856796, 1
(173, 270), (172, 294), -0.5945314139793361, -0.19139106285535457, 1
(178, 285), (175, 308), 0.8733925512466538, 0.3070074588885938, 1
(172, 300), (175, 323), -0.8039483261492646, 0.7372914089864975, 1
(182, 75), (176, 98), 0.6896600809651925, 0.29734083831051294, 1
(178, 90), (182, 112), 0.7799512989238837, -0.4243714237785765, 1
(182, 135), (179, 154), -0.4523486880548171, -0.987993316063208, 1
(178, 150), (181, 171), 0.7648149292239097, 0.7567655423335413, 1
(176, 165), (177, 183), 0.41454642857499513, -0.10007731821781274, 1
(176, 180), (176, 197), -0.047834447287750326, -0.7018622535319938, 1
(182, 225), (181, 244), -0.1201136200361057, 0.2009577048140987, 1
(183, 285), (177, 306), -0.7714602291697437, -0.20023530941113354, 1
(183, 300), (183, 320), -0.6489732372308556, 0.8302393406225308, 1
(178, 315), (178, 333), -0.34852422443270514, -0.7071344024204904, 1
(178, 330), (178, 350), -0.13653771814536908, -0.287440456196955, 1
(186, 75), (186, 97), -0.8900267735238481, -0.6832281409844014, 1
(182, 90), (181, 111), -0.7590615764299311, -0.7839976201437768, 1
(185, 135), (184, 156), 0.1493909397431854, 0.5627513813894556, 1
(184, 150), (182, 171), -0.2963952112991626, -0.9318115479734639, 1
(182, 165), (187, 188), 0.9061920473704586, -0.09719144342033337, 1
(180, 225), (186, 247), -0.810107117992602, 0.4532840552451787, 1
(180, 240), (186, 258), -0.6274199420357183, 0.014051923802221644, 1
(184, 255), (182, 275), -0.25860559783574555, -0.796008374940834, 1
(186, 270), (185, 293), 0.7238190504369282, -0.270296559490246, 1
(183, 300), (185, 326), -0.3693165694672147, 0.944963511398317, 1
(185, 315), (187, 339), 0.37281787927834653, -0.18845763920732939, 1
(190, 60), (184, 76), 0.37134817485072147, 0.8760756552877, 1
(186, 75), (188, 93), 0.007065335007891971, 0.975262916537748, 1
(187, 90), (190, 109), 0.9277436500862228, -0.5674778969814693, 1
(191, 120), (189, 136), -0.9949064041020281, -0.36267394308120426, 1
(187, 135), (190, 148), -0.7152863582760767, 0.8597472629682237, 1
(190, 150), (185, 163), -0.7199926414839024, 0.28045597066883365, 1
(190, 165), (185, 181), 0.6250345805117121, 0.17697814722258776, 1
(189, 210), (191, 226), -0.08232652316004518, 0.35090931123904556, 1
(186, 225), (189, 242), -0.6460952021445825, 0.3916111899395329, 1
(190, 240), (187, 253), 0.5492542179118507, 0.8289612420560399, 1
(191, 255), (187, 269), -0.07126747586741522, 0.9689467891317902, 1
(185, 270), (186, 287), 0.32146315918617363, 0.2814037904473574, 1
(191, 300), (190, 316), -0.013735644443908068, 0.6085847882844257, 1
(188, 315), (187, 331), 0.39499233986131, 0.9710350487808592, 1
(191, 330), (184, 345), -0.9909411838583353, -0.14990253833541312, 1
(188, 75), (191, 98), -0.567963583360432, -0.4669717223544254, 1
(190, 90), (191, 114), -0.16463952600808995, -0.05227579125050741, 1
(193, 120), (191, 141), 0.2614331050494232, -0.4870406350616381, 1
(188, 135), (193, 158), 0.5760309683166804, -0.6951027484261867, 1
(194, 150), (195, 175), -0.5189883209712571, -0.7822558962403665, 1
(194, 165), (192, 187), 0.5690110820082439, -0.3790901538698419, 1
(188, 225), (191, 249), 0.6109731497116762, -0.041592224893868046, 1
(190, 240), (194, 263), 0.32570903482373814, 0.3893670958235198, 1
(188, 255), (188, 274), 0.37539546732632045, 0.11681752777897847, 1
(195, 315), (189, 333), -0.053848450199820874, -0.13591388269418037, 1
(193, 75), (196, 96), 0.2437631605955708, -0.01695145187944269, 1
(196, 90), (194, 114), 0.49791615361811625, 0.9479212619548556, 1
(192, 120), (192, 147), 0.4782558680916935, -0.07958388144314643, 1
(196, 135), (199, 159), -0.15534681839229103, -0.0608641157757579, 1
(194, 225), (199, 247), -0.15243688668651534, 0.008971174359356793, 1
(193, 240), (199, 264), -0.661034690715246, -0.735133180835277, 1
(197, 255), (196, 276), 0.12037136309075436, 0.19616223589517623, 1
(194, 315), (192, 339), -0.014667382438668719, 0.8607759668066262, 1
(198, 330), (196, 351), 0.4142577840519803, -0.6744014164567793, 1
(196, 75), (203, 96), -0.9055646480431536, 0.4528460751514811, 1
(202, 90), (202, 114), 0.85777986111529, 0.836225850282164, 1
(199, 120), (201, 146), -0.7315782144240224, -0.18229808079787113, 1
(197, 150), (196, 174), 0.2506289079207611, -0.9756879065522341, 1
(202, 165), (201, 190), -0.39033437606252974, 0.07978940863101935, 1
(199, 225), (199, 251), -0.6452865781154544, 0.6173064384816778, 1
(197, 240), (199, 268), -0.9665165549585037, 0.22834782932290532, 1
(203, 255), (199, 283), -0.7591445136461528, 0.5880808089562504, 1
(199, 330), (201, 354), -0.7795334406113978, -0.10977744071794349, 1
(201, 75), (201, 98), 0.7371564697396507, -0.01902642478822414, 1
(206, 90), (204, 111), 0.3443085357978708, -0.48260625669280266, 1
(202, 120), (207, 137), -0.670792451503607, 0.7045805592923249, 1
(205, 135), (200, 148), 0.9735868135633932, 0.1288558307714538, 1
(207, 150), (204, 161), 0.8696647998166487, -0.9294265256350098, 1
(204, 165), (207, 178), -0.9211152829488118, 0.5545581872758949, 1
(204, 195), (207, 210), -0.963817622786598, -0.7975706435807386, 1
(206, 225), (200, 243), -0.2682615985418213, -0.2243626960168057, 1
(211, 75), (210, 95), 0.17275457271699057, -0.51820199928529, 1
(210, 90), (209, 113), 0.6528656728600302, 0.12707609972497114, 1
(208, 105), (211, 130), 0.313497766254766, -0.7475058211902701, 1
(206, 120), (210, 146), 0.6680596956723308, 0.18257100178617303, 1
(210, 135), (210, 162), 0.49676723589231275, 0.49672905187145777, 1
(211, 150), (209, 175), 0.7919207018301802, 0.6534218985464058, 1
(206, 225), (211, 252), 0.997931586615687, 0.0024974391642016425, 1
(206, 240), (210, 269), -0.033398994496128154, 0.9564102812214459, 1
(204, 330), (204, 359), -0.5339594720467591, -0.8935107008597478, 1
(208, 75), (213, 91), 0.7980835447447425, 0.27431289017019345, 1
(209, 90), (214, 106), 0.7352220257774733, -0.5160160795002346, 1
(211, 105), (214, 119), 0.15357747563469504, 0.16057709133765674, 1
(211, 120), (209, 132), 0.280034420580044, -0.17035816156661499, 1
(213, 150), (212, 164), -0.636304021921057, 0.8106756084954103, 1
(209, 225), (211, 241), 0.8152777603152306, 0.13901620086095168, 1
(214, 240), (214, 257), 0.49632792297510786, 0.07249187816042957, 1
(212, 330), (208, 346), 0.03788294493330002, -0.8160821790670465, 1
(215, 345), (210, 363), -0.46660903636304485, -0.6261338816140323, 1
(216, 75), (214, 95), 0.2345617779700806, -0.9624780141228426, 1
(217, 90), (213, 108), 0.019858252648697894, 0.602267843649245, 1
(218, 105), (215, 124), -0.1268034866713026, 0.6328009295118828, 1
(215, 120), (217, 136), -0.4747427246977949, -0.0017456599477811974, 1
(216, 135), (212, 154), 0.968192113379323, -0.7759230813110432, 1
(214, 225), (218, 240), -0.8273145007805149, 0.05412621123624528, 1
(216, 240), (212, 258), -0.8916431256199377, 0.22521924740996058, 1
(216, 270), (214, 284), -0.5202415716002489, -0.5904597614521696, 1
(214, 285), (214, 302), -0.06006936729285517, -0.533448387053598, 1
(212, 345), (218, 362), 0.6096733132773344, -0.7070309772754202, 1
(219, 75), (220, 92), 0.6942067000535515, 0.9652354090787609, 1
(221, 90), (219, 110), -0.11329503265272489, -0.13765592126594606, 1
(218, 105), (220, 127), -0.4640510709428973, -0.5872495816724022, 1
(220, 120), (217, 141), -0.6892236818690796, 0.9395232230785016, 1
(217, 135), (220, 156), -0.544665793553023, 0.9423373912989326, 1
(223, 150), (220, 171), 0.2141545173697046, -0.6482989964571844, 1
(223, 225), (221, 245), -0.36092582936784456, -0.5154084028900459, 1
(217, 345), (219, 361), -0.5475282396926813, -0.1888208074224138, 1
(221, 90), (221, 108), -0.8056849425858401, -0.013096260181679087, 1
(226, 105), (221, 125), -0.9569013598907705, -0.3345272505538175, 1
(225, 120), (220, 137), 0.9316647763369532, 0.06447707572589456, 1
(223, 135), (220, 153), -0.4600126670235112, -0.7415789860634094, 1
(224, 150), (224, 168), 0.5144008579245791, 0.802730479330604, 1
(226, 225), (225, 240), 0.23273074203620925, -0.7288169684286123, 1
(224, 345), (227, 358), -0.4970293554627312, -0.9460847212074275, 1
(230, 90), (227, 108), -0.8215566711335658, -0.09455447224539482, 1
(227, 105), (230, 123), -0.7504700255100374, -0.36056284157204854, 1
(228, 120), (228, 135), -0.7875213536777597, -0.5431558651931103, 1
(227, 135), (224, 153), -0.24729742054172998, -0.8270916686252625, 1
(227, 300), (229, 318), -0.5304128805391817, 0.3095035514855613, 1
(230, 90), (228, 110), -0.6017337430299847, 0.05751608135187647, 1
(232, 105), (229, 123), 0.250377056071329, 0.4239659667970692, 1
(229, 120), (233, 141), 0.2737508648864724, -0.26168911493199754, 1
(228, 135), (230, 158), -0.06355238527974261, 0.5556203687441414, 1
(234, 90), (236, 108), -0.2501138819358051, 0.25617485834275167, 1
(236, 120), (236, 139), 0.6938848148430232, -0.23981213029296033, 1
(233, 135), (238, 155), 0.585108585378225, -0.44743462729491745, 1
(237, 225), (235, 242), 0.388190332080653, 0.7026504916515048, 1
(235, 255), (238, 268), 0.5550260109998744, -0.16588754858068921, 1
(237, 315), (236, 327), 0.5729307878426766, -0.48304784527497246, 1
(238, 90), (243, 111), -0.03674633352877077, -0.38551130848396964, 1
(241, 105), (241, 126), -0.6775751023326451, 0.026100711331290105, 1
(236, 120), (243, 139), 0.7688704283471761, -0.572479399973852, 1
(238, 135), (242, 157), -0.8324619103317834, -0.5636470407827829, 1
(239, 225), (239, 248), 0.45078344758533184, 0.5622187758029491, 1
(241, 240), (243, 262), 0.11140514397817847, 0.887852420345141, 1
(238, 255), (237, 277), 0.040997762224090684, -0.19067836033540564, 1
(244, 90), (241, 106), 0.6043399346556453, 0.912144918069921, 1
(241, 135), (245, 153), -0.2840537038867512, -0.9304936413543294, 1
(245, 210), (247, 225), -0.7793709917452112, 0.7444189402497157, 1
(240, 240), (240, 256), 0.12443103453196391, 0.9048726980856556, 1
(251, 90), (246, 112), 0.72010049214789, -0.11030920669393085, 1
(246, 105), (249, 128), -0.32800336195454327, -0.7056905976424996, 1
(250, 135), (245, 156), -0.6761430639084711, 0.12195991190342914, 1
(249, 150), (246, 174), 0.13087535962822172, 0.9019449880437191, 1
(244, 210), (249, 237), -0.5535242953317392, 0.8803227855406122, 1
(250, 225), (251, 252), 0.5365379330124529, 0.39550635139787316, 1
(251, 240), (248, 264), 0.7735708453131211, -0.44931324845526643, 1
(249, 90), (253, 109), -0.9409607376314848, 0.8750922049237762, 1
(253, 120), (254, 141), -0.36129667505910046, -0.9827154945942227, 1
(251, 135), (253, 155), -0.2366175188044164, -0.248890952493666, 1
(254, 150), (249, 166), -0.7836793060147256, -0.13732283151599867, 1
(249, 165), (255, 177), 0.5545492884474015, -0.14081224779148704, 1
(250, 180), (251, 194), 0.2219400512760923, 0.42277905141607386, 1
(251, 195), (252, 207), -0.9979573093186758, -0.5815834533240785, 1
(248, 210), (251, 221), -0.2752890000003063, 0.3597435046965065, 1
(253, 225), (249, 232), 0.6287647792974214, 0.7140984098448491, 1
(249, 240), (252, 247), -0.8902139288822888, 0.6307903952981777, 1
(248, 255), (251, 261), 0.9177585558307366, -0.815737061164503, 1
(258, 90), (258, 106), 0.8987372674385483, -0.6487906396396983, 1
(255, 105), (253, 119), -0.4181378957979125, 0.8317081745908532, 1
(255, 120), (255, 130), 0.24473583300446333, 0.22433437529652145, 1
(254, 135), (258, 145), 0.8424044100494719, -0.1720541281668262, 1
(259, 165), (253, 173), 0.473892430167161, 0.298909459159326, 1
(259, 180), (254, 188), -0.6610548518804928, -0.9905594315703594, 1
(252, 195), (258, 201), -0.5029104490219485, -0.13458361864651303, 1
(254, 210), (259, 216), 0.27407945349022556, 0.6339535957509719, 1
(259, 225), (252, 233), -0.47588014710268567, -0.8595761457454616, 1
(253, 240), (254, 248), -0.751937280226963, 0.4171292209153372, 1
(255, 255), (257, 264), -0.1542237138082636, -0.1647523582542667, 1
(253, 345), (256, 351), 0.04585308698533419, 0.4758498170112271, 1
(260, 75), (261, 98), -0.7489421893774588, -0.8655126659966577, 1
(263, 90), (262, 112), 0.4504852931004968, -0.7365012907711632, 1
(261, 120), (263, 140), 0.11165293795094278, -0.15452589605678968, 1
(259, 135), (258, 151), 0.6805536047748142, 0.07933454920482119, 1
(262, 150), (262, 164), -0.739600647081859, -0.4394171480976887, 1
(261, 165), (256, 175), 0.6074556757144371, 0.18479282331073432, 1
(258, 225), (262, 233), -0.3764566939056364, -0.3705873943509592, 1
(258, 240), (262, 246), 0.8144239133797155, 0.03924226609015968, 1
(259, 255), (261, 264), -0.8428641929087799, -0.84455861384457, 1
(261, 75), (260, 92), -0.9587574308292501, -0.29800716430733654, 1
(265, 90), (266, 104), 0.10209553676351901, 0.48147736612965564, 1
(265, 105), (262, 118), -0.5224928005351199, -0.8223698830027992, 1
(265, 120), (267, 132), -0.6323457614297554, 0.8455751645433283, 1
(264, 135), (266, 146), 0.24272662959074442, -0.8740328054725608, 1
(267, 150), (263, 157), 0.2906387577017713, 0.32210098828284583, 1
(260, 165), (265, 173), -0.8222763622375411, -0.1971725255449286, 1
(261, 180), (265, 190), 0.1250390915966446, -0.13949708253990378, 1
(261, 195), (265, 201), 0.649508770169088, -0.08900404855752697, 1
(265, 225), (262, 231), -0.5661509597407448, -0.5390012201416543, 1
(264, 240), (261, 247), -0.7386346107924264, -0.4502717104210334, 1
(266, 300), (264, 306), -0.7369147809243821, -0.44777763096990575, 1
(262, 315), (261, 321), -0.8540531030922023, -0.15226035234596602, 1
(265, 330), (264, 335), -0.6525647473264886, -0.6882838048533999, 1
(266, 75), (267, 91), 0.6999972158928713, -0.7277922086643627, 1
(268, 90), (269, 107), 0.4118208032950792, 0.13893275660215476, 1
(266, 105), (269, 124), -0.3936076111326543, -0.5460214689399527, 1
(267, 120), (267, 137), -0.05174137975129112, 0.4363464284154399, 1
(265, 135), (268, 152), -0.6723101957867568, -0.7429462750040075, 1
(268, 150), (265, 167), -0.650941148614921, -0.9764693521810339, 1
(268, 165), (264, 180), 0.16698440112868296, 0.8948758402302535, 1
(271, 180), (269, 194), -0.022162039975186953, -0.07092021789141323, 1
(270, 225), (268, 241), -0.8225833200932036, -0.9434731831785332, 1
(268, 240), (269, 253), 0.6153191701084249, 0.27534862768062185, 1
(266, 300), (269, 311), 0.6812206958774694, -0.17797281781439045, 1
(268, 315), (264, 323), 0.1762243333107265, -0.10253862847916384, 1
(266, 330), (270, 340), 0.5106429519796125, -0.28524461508286625, 1
(272, 75), (274, 96), 0.18162246989737785, -0.18021136618947264, 1
(273, 90), (270, 113), -0.24273109889809308, -0.7237970149815276, 1
(273, 135), (275, 161), 0.5929167192494946, -0.7406618185694143, 1
(274, 165), (275, 188), -0.18791387994219488, 0.6415911190022474, 1
(269, 180), (275, 206), 0.2566101600155053, -0.9073404362940691, 1
(271, 225), (268, 248), 0.5203876598983233, -0.282579397210188, 1
(269, 240), (275, 262), 0.3943061516976236, 0.4913468937030889, 1
(272, 285), (271, 306), 0.1825326558644227, -0.5455674208601393, 1
(269, 300), (269, 319), 0.6891164079044176, 0.9613810936438418, 1
(273, 75), (274, 93), -0.419124812917433, -0.5674505398132783, 1
(275, 90), (279, 105), -0.09801732666973373, -0.8248517675520091, 1
(277, 105), (273, 117), 0.7537146975047155, 0.99260868497024, 1
(277, 120), (272, 133), -0.41830014637040747, 0.5417443456170976, 1
(272, 135), (278, 145), 0.7623669568880818, 0.02744765829985818, 1
(277, 165), (279, 174), -0.1276745758980229, 0.5529336739870243, 1
(272, 180), (277, 189), -0.2844817402451465, -0.38260482862788603, 1
(275, 225), (274, 233), -0.44345343203165766, -0.9609977972429209, 1
(275, 240), (274, 251), -0.7385893016752028, 0.21454634226051827, 1
(279, 285), (276, 292), 0.8272106120917664, 0.057078686109505616, 1
(278, 300), (277, 307), -0.9699255919169387, -0.7054902849133753, 1
(274, 315), (278, 325), 0.13115398694508773, 0.9813808044981012, 1
(278, 330), (274, 337), -0.062080159090201814, -0.98178636253143, 1
(282, 75), (283, 93), 0.24754401252238645, -0.12182412495636497, 1
(276, 90), (278, 105), 0.49269040621687776, -0.759663278567529, 1
(280, 105), (282, 118), 0.8308360229754819, 0.8018450510146415, 1
(276, 120), (278, 136), 0.7676560927242191, -0.3822491250138209, 1
(276, 150), (276, 166), -0.749442022362983, -0.22582060005286664, 1
(282, 225), (279, 241), 0.048484703401593165, -0.39487103122108747, 1
(279, 240), (276, 255), 0.1865764759327153, 0.6520485127225151, 1
(278, 285), (283, 300), 0.3851752388873908, -0.9257349553186522, 1
(276, 300), (278, 312), 0.671985514511823, -0.37227091335500284, 1
(280, 315), (283, 323), 0.47215100747638195, 0.2729881648661949, 1
(282, 75), (283, 93), 0.29950729283815836, 0.6221851458823278, 1
(282, 90), (281, 110), -0.6605111468688614, -0.9655720122299845, 1
(282, 105), (282, 127), -0.983852510225323, -0.3559929951155705, 1
(286, 120), (287, 140), -0.9606452572181836, 0.40424593518861074, 1
(287, 150), (287, 166), 0.7323936325911187, 0.09184213532689367, 1
(283, 165), (283, 184), -0.7012845283279392, 0.7857350814556872, 1
(281, 180), (281, 201), 0.39333498346725926, -0.1839393469927444, 1
(282, 225), (281, 248), -0.2741881957588814, 0.6484979712528505, 1
(287, 240), (280, 261), 0.040464641490098874, -0.46518553109073824, 1
(280, 270), (287, 292), -0.5058389966815822, 0.8423631110602181, 1
(280, 285), (283, 309), -0.2219987416955218, -0.5129620078157919, 1
(281, 300), (287, 326), -0.01998102087186293, 0.11190502695615434, 1
(284, 315), (280, 338), 0.15182834892871488, 0.36236102773656875, 1
(283, 360), (284, 386), 0.04424629709445704, 0.3696501560087082, 1
(286, 75), (291, 91), 0.1975459856611308, 0.399023043837591, 1
(289, 105), (286, 119), -0.34059485061544525, -0.6558825014696916, 1
(286, 240), (287, 253), 0.23408243527167638, 0.24106845694918144, 1
(290, 270), (286, 282), 0.3936456120307321, -0.456448730469573, 1
(291, 285), (285, 296), 0.636016879163362, 0.2708460061699389, 1
(284, 315), (287, 322), 0.3645635888277632, 0.2064271304836982, 1
(294, 60), (292, 83), 0.6101888574973335, -0.9576306560434393, 1
(291, 75), (294, 100), 0.5082407178343025, 0.7667458088952426, 1
(293, 165), (294, 186), -0.2517531897905383, 0.22091268730746672, 1
(294, 180), (295, 202), 0.6704032718346364, 0.18847629837475255, 1
(288, 240), (291, 264), -0.3185561190880626, -0.9345871841221889, 1
(289, 255), (290, 278), -0.7256263563394671, 0.01790009182054897, 1
(293, 270), (295, 292), 0.9401176189596301, 0.9416670304295485, 1
(293, 285), (290, 305), -0.8714915409203288, 0.6446177472212447, 1
(289, 300), (294, 320), 0.12682908015966565, -0.12985883783629104, 1
(297, 75), (293, 94), -0.3445372688828938, 0.9341119960641324, 1
(293, 90), (293, 107), 0.8869791391770654, 0.22429638530221263, 1
(296, 180), (299, 196), -0.8682553198724836, 0.6532258265857522, 1
(294, 240), (297, 252), -0.024873261166366012, 0.41296538904439384, 1
(298, 255), (294, 266), -0.09012512856299826, 0.8610584086130821, 1
(292, 270), (295, 277), -0.646797619008846, -0.7783536049390789, 1
(293, 285), (299, 293), 0.4573264866753519, -0.15608734687645387, 1
(292, 315), (299, 321), -0.4914487817164117, 0.16125898849545517, 1
(297, 75), (299, 91), -0.41855450586451415, -0.25959305157126145, 1
(301, 90), (300, 105), 0.22597520418077743, -0.020791781314465574, 1
(299, 105), (296, 118), 0.08435607065022666, -0.659003362738986, 1
(301, 180), (298, 194), 0.08981323919069717, 0.9262546676060339, 1
(298, 240), (300, 252), -0.2517337860617701, -0.9088956737025891, 1
(299, 255), (298, 270), 0.7154244572842035, -0.9703427885569091, 1
(298, 285), (298, 301), 0.9950534294846434, -0.06710026076150455, 1
(296, 300), (297, 319), 0.5924005576633158, -0.9764149604889085, 1
(306, 75), (302, 96), -0.09160798507965762, 0.7563764959326122, 1
(304, 90), (306, 112), -0.639725261264569, 0.8616964798175424, 1
(304, 180), (307, 198), -0.8212532403079726, -0.9743423573872942, 1
(300, 240), (306, 259), 0.4992476198051359, -0.8708884851137211, 1
(300, 255), (307, 272), 0.45905592708821485, -0.12483209525194905, 1
(303, 270), (304, 290), -0.5428227721721188, 0.4111810013226429, 1
(303, 285), (300, 306), -0.513554281332576, 0.8472329462543877, 1
(305, 300), (301, 324), -0.09291946893064851, 0.03264424086807649, 1
(310, 75), (304, 97), 0.7227987617696428, -0.7699550244684521, 1
(308, 90), (308, 114), 0.4157939217674791, 0.7175227655437917, 1
(308, 180), (306, 200), 0.6988521172452153, 0.7130609844821494, 1
(309, 195), (309, 218), -0.6718133990437729, 0.3658536267649082, 1
(306, 240), (307, 264), 0.7932675134239864, -0.7628421608771623, 1
(304, 255), (308, 282), -0.7626531584955683, 0.08194668511471859, 1
(311, 270), (308, 297), -0.014574152227530668, 0.7152843419375281, 1
(315, 75), (312, 97), -0.6937062274858636, 0.2938444846030228, 1
(311, 90), (315, 108), -0.28476653193529144, -0.9276470466713373, 1
(311, 240), (310, 261), 0.5180588825162376, -0.02475835190352571, 1
(312, 255), (308, 274), 0.11657838551405453, 0.5007364898466242, 1
(312, 270), (311, 286), 0.763012891443483, -0.6087915428962956, 1
(314, 285), (314, 303), -0.8841623905962446, 0.15269206042862749, 1
(314, 300), (315, 316), 0.4980804506541434, 0.9352482792296224, 1
(313, 345), (310, 359), -0.4221234465074015, 0.8611575548681665, 1
(319, 75), (315, 92), -0.5439765078402357, -0.6335931744077032, 1
(318, 240), (319, 255), -0.23008260653594026, 0.09429370293151629, 1
(314, 255), (317, 273), 0.2985237946985271, 0.007061381319952487, 1
(317, 270), (317, 290), 0.5219233186353622, 0.3951757451758797, 1
(315, 285), (316, 304), -0.21162318243475187, -0.23441486178071913, 1
(314, 300), (316, 318), -0.057780180470442755, -0.5576019487021424, 1
(312, 315), (313, 330), -0.7331279700750755, 0.777348201834219, 1
(319, 75), (320, 92), -0.1640472408896534, -0.4625327922401914, 1
(320, 240), (319, 259), -0.7210777374164097, -0.2737541097858256, 1
(319, 255), (320, 272), -0.504064293485428, 0.25502216865912564, 1
(319, 270), (317, 287), 0.5942378752138306, 0.36622963472801984, 1
(323, 285), (321, 298), -0.06560513997361328, 0.17843125193047138, 1
(316, 300), (317, 311), -0.9341020047203905, 0.3498336850429371, 1
(326, 240), (324, 258), -0.1126262018796147, 0.6942988768318934, 1
(322, 255), (322, 276), -0.9777652424911425, 0.15338517520241446, 1
(320, 285), (324, 303), 0.261818318673428, -0.07458935663731991, 1
(324, 375), (327, 392), -0.5076517346157168, 0.06459991362775575, 1
(326, 75), (326, 97), 0.6825862960977152, -0.29956523295578497, 1
(328, 90), (324, 114), -0.2182835713258171, -0.9199477612600946, 1
(324, 240), (328, 267), 0.12784631148702807, -0.33340762516220734, 1
(325, 255), (324, 283), -0.9480799695402167, 0.265666168929954, 1
(327, 270), (328, 298), -0.5298001864704274, 0.45861639092230577, 1
(326, 285), (330, 316), -0.12437466860465785, -0.47723842017543894, 1
(331, 90), (333, 107), -0.4331438315702856, -0.6293950434726758, 1
(333, 180), (329, 194), 0.9404788375907669, 0.1615575347431113, 1
(332, 240), (328, 250), 0.2903123880655849, -0.3155305928884098, 1
(330, 255), (333, 267), -0.6489028221238757, 0.5762594531746603, 1
(334, 285), (334, 293), -0.07459083947279344, 0.8316946671359662, 1
(335, 300), (329, 307), -0.8254232824303509, 0.29492402681657826, 1
(328, 375), (331, 383), -0.7279817232238579, 0.48603111938122145, 1
(334, 240), (334, 258), -0.36096902838783507, 0.7031182743883415, 1
(333, 255), (337, 275), -0.9824818011787817, 0.2770865238218674, 1
(336, 270), (334, 288), -0.12996708466853146, 0.08947817471230302, 1
(334, 300), (338, 317), 0.28748317706942594, -0.23578972188699154, 1
(337, 315), (332, 333), 0.8429476009625088, -0.8557238489489947, 1
(336, 345), (339, 362), -0.5356205121077153, 0.4773084368555369, 1
(336, 360), (339, 373), 0.9038689671840991, 0.4574302292187, 1
(337, 75), (337, 96), -0.2670718660189382, -0.6640547927758462, 1
(336, 240), (338, 257), 0.1090949580235494, -0.875672026357603, 1
(341, 255), (337, 273), -0.27887353350711375, 0.19468066977181286, 1
(339, 270), (343, 288), 0.7466077034744627, 0.3629401459162491, 1
(337, 300), (339, 318), 0.4634684200811636, 0.515280122448216, 1
(337, 315), (340, 335), 0.39076558970934916, -0.7957947161154437, 1
(338, 330), (342, 353), 0.6059294349075157, -0.5896987985168736, 1
(340, 345), (340, 365), 0.6446130692383476, 0.7641247058100489, 1
(342, 360), (342, 379), -0.3759569003314547, -0.7023015914666852, 1
(342, 240), (344, 262), -0.909697085146679, 0.7194649023090729, 1
(345, 285), (341, 310), 0.6499267502448034, -0.2608729404179626, 1
(344, 300), (347, 324), -0.07135996339263029, 0.9354338756311098, 1
(340, 315), (346, 336), -0.5543574429302529, -0.04545827130555269, 1
(344, 345), (344, 367), 0.4482318772551457, 0.6528570711665089, 1
(346, 360), (343, 379), 0.8455212819507427, -0.642722998161787, 1
(344, 240), (347, 258), -0.4972097568311482, 0.4189550563641413, 1
(344, 255), (350, 270), 0.2112642306850827, -0.2995635367864997, 1
(351, 270), (349, 288), -0.7923985697273128, 0.9833124348181705, 1
(345, 285), (347, 304), -0.016676672048224095, -0.04922168523050052, 1
(346, 300), (348, 315), 0.6725896440755978, 0.08102061333817812, 1
(346, 315), (348, 328), -0.04117907019325995, 0.28116092165905826, 1
(350, 330), (344, 346), -0.549254216022709, 0.19753384734092228, 1
(345, 345), (347, 359), 0.5221540115720449, 0.4386181673819314, 1
(346, 360), (347, 374), 0.3150818353726226, -0.019263556645527036, 1
(355, 105), (353, 121), 0.8561753129314331, -0.3125475514042835, 1
(354, 150), (353, 169), 0.48170539582014715, -0.13147179210341542, 1
(351, 240), (355, 255), -0.9031485003107336, -0.6003256366587439, 1
(355, 255), (351, 273), 0.7962179490581689, -0.7892557788605508, 1
(349, 270), (350, 288), 0.7769492902080541, -0.7726714701883186, 1
(355, 285), (355, 302), -0.0011754051611037042, 0.20791218362877406, 1
(350, 300), (348, 317), 0.9687025221909158, 0.6529963108227441, 1
(354, 315), (354, 328), 0.12470734446641352, -0.44778698315747256, 1
(352, 330), (351, 341), 0.48287403101070514, -0.5313019541097119, 1
(355, 345), (350, 353), -0.1840019574718328, 0.11500034930563796, 1
(354, 135), (356, 153), -0.6856605577548087, -0.9883134513098508, 1
(359, 225), (357, 239), 0.8005698209204566, 0.6439681922014999, 1
(352, 240), (354, 254), -0.8749353857520688, 0.9661667758552079, 1
(357, 300), (354, 316), 0.2247563079639523, 0.9676939992700284, 1
(356, 330), (355, 348), 0.5428356637929512, 0.20595277304755077, 1
(363, 225), (357, 245), -0.9208730317566867, 0.5084235989712029, 1
(358, 240), (357, 256), 0.2523654747309152, -0.8589510947596064, 1
(357, 255), (363, 274), -0.29065106354768266, 0.8143248345907554, 1
(356, 270), (356, 288), -0.36266598970560393, 0.2608240408927873, 1
(358, 300), (361, 314), 0.057841435863023705, 0.5577922272693758, 1
(359, 315), (363, 328), 0.06634733211513377, 0.4036549097850022, 1
(356, 330), (363, 345), -0.9460511563215754, -0.8581358678671887, 1
(358, 345), (363, 361), -0.4592170720480522, 0.24086568052794854, 1
(364, 225), (367, 247), -0.04459227203064131, -0.0693119350628082, 1
(364, 240), (365, 258), 0.7422773447571949, -0.5047217858349105, 1
(364, 255), (360, 271), 0.6334973196647979, 0.5970958264677664, 1
(361, 270), (360, 286), 0.9921106170128635, 0.6790557694410424, 1
(367, 300), (364, 317), -0.34627874518663027, 0.09607500252190504, 1
(362, 315), (365, 335), -0.9294010014876621, 0.3844437426342613, 1
(366, 330), (362, 346), 0.9465865965833176, -0.8114016644752504, 1
(365, 345), (363, 360), 0.22792617768200674, 0.05661443359789797, 1
(370, 225), (370, 241), 0.9483906230822676, -0.8965542889672504, 1
(368, 240), (364, 257), 0.17330604861569077, 0.3645803256129403, 1
(369, 255), (366, 275), -0.5978383555695514, 0.5665149740628399, 1
(369, 270), (371, 292), -0.5264299625038074, 0.19672514646243022, 1
(364, 300), (364, 321), 0.05181181823975134, 0.45404946759046605, 1
(367, 330), (364, 350), -0.042420511706738884, 0.9118489041281093, 1
(366, 345), (367, 363), -0.3321692563179941, -0.9501374066372188, 1
(370, 225), (374, 247), 0.45581322159201365, 0.6802527096994051, 1
(374, 255), (375, 277), 0.18488866003983806, 0.13319448366203024, 1
(370, 270), (369, 293), 0.7121651012965136, 0.2310035101505672, 1
(371, 315), (372, 340), 0.01947546574816128, -0.7453227062380241, 1
(374, 210), (374, 233), 0.35583360780947904, -0.7347694481584732, 1
(373, 225), (377, 248), 0.9778044140226652, 0.2492047448493111, 1
(372, 240), (373, 260), 0.29922058670888796, 0.7542863757503993, 1
(377, 315), (376, 332), 0.5908201770448351, 0.3537676004633561, 1
(379, 330), (372, 346), 0.5365562896247125, -0.42858646621455754, 1
(383, 225), (380, 244), 0.6639419642875424, 0.2510255926476337, 1
(382, 240), (379, 256), 0.5826343362270616, 0.6930079310650259, 1
(376, 255), (378, 274), -0.9980334750663353, 0.1387933927662588, 1
(376, 315), (380, 333), 0.6831801817514249, 0.020687712078907072, 1
(382, 330), (381, 348), 0.3029336411760446, 0.6893130796206266, 1
(385, 225), (387, 241), -0.713046440920702, -0.47819724747807313, 1
(380, 240), (383, 253), 0.4185659161869699, -0.5756659341754788, 1
(382, 255), (383, 268), 0.29503527351899717, -0.9622426809124542, 1
(387, 105), (391, 127), -0.6805960471769521, -0.8189405281155215, 1
(388, 225), (388, 247), 0.9548638236370512, 0.020721176375994244, 1
(386, 240), (385, 258), -0.8926491520481354, -0.015864865338892198, 1
(387, 330), (384, 346), 0.32335559509873724, -0.37276971124202163, 1
(391, 345), (385, 361), 0.8102353261481208, 0.40675697794380783, 1
(392, 225), (395, 248), -0.8280958914978944, -0.46039435814545615, 1
(395, 240), (391, 264), 0.5154621165235846, -0.828194124173786, 1
(389, 330), (391, 355), -0.10812312225877307, 0.15952790486715007, 1
(396, 225), (395, 245), 0.26181010074085354, -0.5828911558587353, 1
(394, 345), (392, 364), -0.9061714551962821, 0.6846051582598718, 1
(398, 180), (397, 199), -0.28947148013180946, 0.9751908195731847, 1
(398, 225), (403, 241), -0.988080746617418, -0.865220333001836, 1
(403, 240), (400, 257), -0.2757956078201256, -0.056056913988117296, 1
(401, 345), (399, 359), -0.3019379201976409, 0.834187906668147, 1
(406, 180), (401, 201), -0.8918066689395192, 0.4293532181259341, 1
(407, 225), (404, 248), 0.9407345463595238, -0.8963670166679758, 1
(401, 240), (405, 261), 0.7438889614376629, -0.742435077617849, 1
(404, 345), (400, 364), 0.514046265839353, -0.14099477850941988, 1
(407, 165), (406, 188), 0.5759447582033661, -0.8029211530156402, 1
(407, 225), (406, 247), 0.5590624723831823, -0.8966226513942102, 1
(410, 225), (411, 247), -0.4272460660441497, 0.26956293743188753, 1
(419, 225), (414, 242), 0.9191117131914053, -0.27113044672239317, 1
