365
(33, 165), (33, 182), 0.56883289481071, -0.2579179797145563, 1
(33, 180), (35, 194), -0.6926324108020552, -0.0720719823994973, 1
(28, 195), (29, 210), 0.5126193442093279, 0.9973748411601548, 1
(34, 150), (34, 170), -0.3575266826838466, -0.46466008086293575, 1
(38, 195), (39, 218), -0.44755356534676105, -0.0531996941532904, 1
(36, 210), (36, 231), 0.8085936260768378, -0.2978020258170557, 1
(42, 135), (39, 158), 0.24483747666531275, -0.8805215897059813, 1
(37, 150), (36, 171), 0.012710528306327795, -0.2630680000136991, 1
(37, 165), (38, 184), 0.08962048022010616, -0.45935735381401965, 1
(36, 225), (38, 247), -0.32706602333118817, -0.6476074541074894, 1
(42, 120), (45, 139), -0.5717398233019086, -0.86023999722011, 1
(44, 135), (41, 152), 0.6279816011302835, -0.9350812003864577, 1
(46, 150), (43, 168), -0.6454316698266682, -0.8923487927484732, 1
(40, 165), (43, 185), 0.3866354427594414, -0.7817433055654457, 1
(43, 225), (42, 243), -0.9214095699699181, -0.7057841683229698, 1
(51, 120), (47, 140), -0.7707733648021644, 0.9816120264419972, 1
(48, 135), (45, 155), 0.1853784967327261, 0.9999470234635832, 1
(44, 150), (47, 170), -0.6104409396544757, 0.1455642013834213, 1
(49, 165), (45, 184), 0.10823170933831872, -0.8900893489914465, 1
(48, 240), (45, 256), -0.7505733902752609, -0.46793479073328736, 1
(55, 105), (52, 125), 0.78108063309495, 0.44580355207698297, 1
(55, 120), (51, 139), 0.8099971092526916, -0.2470368132264964, 1
(52, 135), (50, 157), -0.7521926839381214, -0.41701461399739514, 1
(49, 150), (54, 171), -0.5608764151389289, 0.8556755225720587, 1
(53, 165), (50, 187), -0.7578639170021475, -0.2775257835892788, 1
(55, 105), (53, 128), 0.21964163534613124, -0.07163586128132038, 1
(55, 120), (54, 146), -0.19724810609412025, -0.7331268950852079, 1
(53, 135), (54, 161), -0.9303746770137029, 0.5538089200687715, 1
(52, 150), (52, 178), 0.4057262534875985, 0.49386412169170746, 1
(57, 210), (57, 241), 0.043053078642096176, -0.011442261728314529, 1
(58, 255), (55, 285), -0.9849567980801364, 0.14140526222829175, 1
(58, 90), (57, 108), -0.9966578941794875, 0.22638154320101922, 1
(60, 105), (57, 120), -0.7845674939024325, -0.009748747130262414, 1
(57, 120), (59, 138), 0.45569155685534923, -0.9681056014158556, 1
(56, 135), (57, 151), 0.21048121424482336, -0.3553584801869427, 1
(58, 150), (58, 167), -0.3998086192389845, -0.036624319706651365, 1
(67, 90), (60, 109), 0.8429889008942371, 0.5229537147995333, 1
(65, 105), (60, 122), -0.3715693363563646, 0.0745786026787123, 1
(60, 120), (65, 136), 0.1986165780677387, 0.10433405512603167, 1
(64, 135), (61, 147), 0.31683460355996074, -0.6642627746836818, 1
(69, 105), (69, 124), -0.4736603185193158, 0.003678988921133719, 1
(68, 120), (70, 137), -0.5039535059054425, -0.09161213273618873, 1
(66, 135), (71, 150), 0.5734464499942122, -0.2481787187291824, 1
(66, 255), (68, 266), 0.08576546509980787, -0.812374852513509, 1
(64, 270), (70, 278), -0.8220112875892478, 0.8046345464056182, 1
(70, 75), (71, 93), 0.4271932674519523, -0.14129084859349117, 1
(72, 105), (73, 124), 0.45221113533970425, -0.9666234446803679, 1
(73, 120), (74, 135), 0.6434411440219268, -0.9112059590880821, 1
(72, 135), (71, 148), -0.741746882725433, 0.03657594788635743, 1
(75, 240), (75, 249), -0.6277773810492, 0.09878472771668534, 1
(71, 255), (69, 261), 0.6767953603059313, -0.19112364835709017, 1
(74, 270), (71, 278), -0.24331636248237287, -0.8622648749021276, 1
(72, 75), (75, 91), 0.10958231885293657, -0.6023333226888765, 1
(78, 90), (77, 103), -0.34827267899077485, -0.11843316237405466, 1
(74, 240), (78, 255), 0.8463300071622095, -0.9172585530756243, 1
(73, 255), (78, 270), 0.1476809208568186, 0.9970012771574788, 1
(79, 270), (77, 283), 0.5445970227984003, 0.19869821687381561, 1
(80, 240), (77, 256), -0.556594483965908, -0.7628489430603826, 1
(79, 255), (78, 274), -0.33041618859252897, 0.7846876088071735, 1
(77, 270), (80, 292), -0.7920232369562357, 0.14897075253745684, 1
(81, 135), (85, 158), 0.3481188348638482, 0.5921710370644493, 1
(87, 255), (87, 275), -0.3007966866306895, -0.35136036010331106, 1
(83, 270), (81, 289), -0.9639108479774128, 0.5084488143375037, 1
(82, 285), (82, 303), -0.5765537752051717, -0.9658802873741756, 1
(85, 255), (85, 278), 0.18061781811462385, 0.8158378747675417, 1
(90, 270), (85, 296), -0.4636643976200012, -0.5535627943266117, 1
(84, 285), (90, 311), 0.9964382522313431, -0.10228703436402498, 1
(92, 60), (89, 81), 0.702446855957507, -0.277069168500816, 1
(93, 75), (90, 94), 0.09846862302016501, 0.7599580062135152, 1
(93, 255), (90, 277), -0.7724566165419935, -0.21274258959878933, 1
(91, 270), (94, 293), 0.8894518379858845, -0.0410330302607409, 1
(95, 285), (93, 311), -0.14663560825672217, -0.3104138346631422, 1
(98, 60), (94, 79), -0.2941873563205204, 0.6350050823472375, 1
(99, 255), (94, 275), -0.6568764468566226, -0.43463677170303394, 1
(93, 270), (97, 286), 0.7763517071090718, 0.3756769883177138, 1
(92, 285), (93, 300), 0.1492444751861841, 0.06559893155408325, 1
(102, 255), (99, 274), 0.8629770646549841, -0.6939048528661944, 1
(102, 270), (101, 289), 0.1373518711349595, 0.4214032751183514, 1
(103, 285), (103, 300), -0.033913257292982335, 0.737184766364904, 1
(101, 255), (101, 278), 0.09002355193297085, 0.07215724825223035, 1
(103, 270), (102, 293), -0.878841229033656, -0.009480993273675464, 1
(105, 285), (104, 310), 0.10821159085829324, -0.42910365482193047, 1
(101, 300), (107, 324), 0.536671341173105, -0.6665596352508214, 1
(107, 255), (110, 276), -0.8623193751616187, 0.7313572709426697, 1
(104, 270), (108, 291), -0.6626380316854248, 0.04334843807665001, 1
(109, 285), (107, 307), 0.004516902367485587, -0.8330581915765256, 1
(105, 300), (108, 322), 0.9612523364170544, -0.8269851740576089, 1
(112, 60), (109, 79), 0.9769540667041372, 0.342788642283655, 1
(112, 255), (110, 277), 0.5505729938920652, -0.25167693422149306, 1
(110, 270), (115, 290), 0.19929949189133667, -0.8852879542931422, 1
(115, 285), (115, 305), 0.20710857858617593, 0.8861541722976953, 1
(109, 300), (110, 321), -0.4348746280808098, 0.8956248423243689, 1
(114, 45), (113, 61), 0.6220179569334612, -0.4406968196789447, 1
(115, 255), (117, 270), 0.07691475234643086, 0.8133661073051957, 1
(116, 270), (116, 284), -0.398908147621559, -0.519152155839878, 1
(119, 285), (113, 301), 0.29201224333246767, 0.9643051367502149, 1
(119, 300), (114, 319), -0.030531938289395155, -0.6455742034804106, 1
(116, 45), (123, 68), -0.09474314499779446, -0.10657536143063617, 1
(116, 270), (119, 290), 0.7534260669299815, 0.9899359310596008, 1
(120, 285), (120, 303), 0.671766189963175, -0.7593629162973543, 1
(126, 45), (122, 64), 0.5080985334916741, -0.6955892784731834, 1
(122, 270), (122, 285), 0.42328437911498473, -0.39655146906839156, 1
(127, 285), (120, 301), -0.866476038710448, 0.399593510213617, 1
(126, 150), (124, 168), 0.7195203869636819, 0.46744540219917075, 1
(127, 285), (124, 303), -0.13532367779947352, -0.5274918904032149, 1
(135, 150), (128, 167), 0.14309913489700032, -0.6085726554287771, 1
(129, 165), (133, 178), 0.6001329548920518, -0.3055820957398505, 1
(133, 285), (133, 297), -0.01311479415445338, -0.6193255186071414, 1
(139, 45), (138, 65), -0.29663927167033943, -0.6795839441105194, 1
(139, 150), (133, 169), -0.44091646822220665, -0.8468253704145128, 1
(132, 165), (132, 182), -0.6173834586103006, 0.03676565025067924, 1
(137, 180), (139, 197), 0.5685517179124915, 0.5902642385304395, 1
(132, 285), (137, 304), -0.3259910651470339, -0.283553917904835, 1
(141, 45), (138, 66), 0.5168417870375197, 0.39468117211839715, 1
(142, 135), (136, 152), -0.5587198340128638, -0.5881897954444144, 1
(143, 150), (137, 164), -0.8825274316253713, -0.5000955234051063, 1
(138, 165), (137, 180), -0.13500524021887927, 0.7970303295289498, 1
(140, 180), (140, 196), -0.6841325927909516, 0.2132910602515241, 1
(136, 195), (141, 209), 0.027665109856775505, -0.996506121616056, 1
(144, 45), (147, 67), -0.029165951550549796, 0.03849217594388987, 1
(141, 135), (143, 157), -0.4359189573708473, 0.6910365246712928, 1
(143, 150), (144, 172), 0.7272988248652354, -0.4585507744644073, 1
(147, 165), (142, 189), 0.17765244716026607, 0.8619476651507136, 1
(140, 180), (140, 203), 0.8507362555888573, 0.18492529748723396, 1
(141, 195), (144, 220), -0.8599400691771428, -0.5274449841038025, 1
(145, 315), (145, 342), 0.3455595437650716, -0.7515752849969746, 1
(151, 45), (151, 63), -0.921580670032387, -0.6451742759218821, 1
(145, 135), (145, 155), 0.4848772138656836, -0.09238792914316618, 1
(146, 150), (150, 166), 0.025965591755407358, 0.3237186347452996, 1
(144, 165), (149, 181), -0.3878111985379178, -0.5838606783967217, 1
(146, 180), (149, 197), 0.39581085091281976, -0.8548460338911432, 1
(151, 195), (144, 209), -0.4670522176516718, -0.6772557286364236, 1
(149, 315), (144, 332), 0.789584189084708, -0.8844890079546799, 1
(151, 45), (153, 62), 0.7679062737329192, -0.3284064373724156, 1
(148, 135), (151, 152), 0.48905371348928783, -0.3084907969311512, 1
(149, 150), (148, 167), 0.5073417665327622, 0.7312484908153973, 1
(153, 165), (155, 179), 0.6478429408674249, 0.8030780839471752, 1
(152, 180), (155, 195), -0.10329451042775917, 0.7507085673826457, 1
(153, 195), (151, 206), 0.8281502586953009, 0.32971503256360757, 1
(153, 315), (150, 322), -0.11804775242689813, -0.6513566575254877, 1
(157, 45), (154, 64), -0.5270102851542791, 0.7228272838236134, 1
(158, 135), (155, 151), -0.982804344953295, -0.08737031844017817, 1
(159, 150), (154, 162), -0.12750382541322414, 0.9457085454019749, 1
(156, 165), (154, 175), -0.014418353557766439, 0.6391851277671277, 1
(152, 180), (152, 190), -0.35068352338315933, 0.7414616678116563, 1
(153, 195), (154, 206), -0.4351964391711458, 0.9199937433541974, 1
(155, 315), (154, 322), 0.8934904212632644, 0.715095038464995, 1
(160, 45), (156, 65), -0.6751934343734818, -0.5186006317650147, 1
(157, 120), (159, 138), 0.9049966640133227, 0.6773455365988814, 1
(160, 135), (156, 150), -0.3853855238537396, -0.6585467632044983, 1
(162, 150), (156, 162), -0.5770323529656392, -0.3036177590157001, 1
(156, 165), (156, 177), 0.012040407165864186, -0.4988523953210835, 1
(161, 180), (162, 191), 0.17559601702613659, 0.4582215867359323, 1
(158, 195), (163, 203), 0.6094534632929929, 0.7641126599577905, 1
(157, 315), (158, 322), 0.40454280806731546, 0.8866329753710849, 1
(165, 45), (163, 67), 0.37057524994368407, 0.10539957977933412, 1
(161, 60), (160, 81), 0.09651748914337355, 0.47212333346807456, 1
(161, 120), (162, 138), 0.8700733460553804, -0.8581643854163299, 1
(167, 135), (164, 153), -0.7972366628629066, -0.8955568454027523, 1
(163, 150), (162, 164), -0.4416074247102175, -0.012075761586158418, 1
(162, 165), (162, 182), -0.6391480744318843, -0.9431883688398961, 1
(166, 180), (162, 196), -0.10722371178908285, -0.2196833812562764, 1
(166, 195), (164, 211), 0.3621835361806991, 0.4817234072780985, 1
(162, 315), (163, 334), -0.4970570646258565, 0.9181404907668245, 1
(171, 45), (168, 67), -0.8513342187889423, 0.0035545027837475818, 1
(169, 60), (164, 82), -0.23807875438307224, 0.5270640047054269, 1
(171, 120), (167, 142), 0.02131199536695383, 0.17441186133990483, 1
(168, 135), (167, 158), -0.33089238838401025, -0.7156832092810033, 1
(168, 150), (164, 171), -0.38342638735826906, 0.528538121720924, 1
(167, 165), (166, 183), -0.38116452168328907, 0.1839606718928115, 1
(166, 180), (170, 196), -0.15525750723228815, -0.7840396265357503, 1
(166, 195), (166, 213), 0.3330678565641565, -0.9279455672599981, 1
(164, 315), (165, 335), 0.9446063449920925, -0.4154422003001619, 1
(173, 45), (168, 63), -0.38029177871945063, 0.336750011216542, 1
(173, 60), (173, 81), -0.6964468506433135, -0.7359060409499778, 1
(168, 105), (171, 124), -0.3307185027322881, -0.6185648397345727, 1
(174, 120), (172, 136), -0.0694840583196743, -0.755975363107708, 1
(172, 135), (173, 152), -0.09834621987329806, 0.22927913306473413, 1
(175, 150), (168, 167), 0.7772861884781928, 0.021832060788775864, 1
(171, 165), (174, 180), -0.4475212619817246, -0.9021212682058097, 1
(171, 180), (174, 195), 0.27485811449807973, 0.23312044600695403, 1
(171, 195), (168, 212), -0.045084994841847914, -0.5318305808349841, 1
(170, 315), (170, 334), -0.39439004658548527, -0.022471203541126084, 1
(173, 45), (173, 65), 0.2130788911923147, -0.5676780011744591, 1
(176, 60), (173, 76), -0.46995426993326195, 0.3049851004544444, 1
(178, 120), (177, 137), 0.2579130970864105, -0.8306910989213103, 1
(176, 135), (175, 153), 0.7507483816763281, -0.5526418116898322, 1
(176, 150), (179, 165), 0.009982147821292031, 0.68980599749103, 1
(176, 165), (174, 182), 0.37583071781225397, -0.2592918658236525, 1
(178, 180), (173, 193), -0.8506757788278356, 0.5682631595306091, 1
(177, 195), (177, 211), -0.5015888777617159, 0.8550425381619342, 1
(183, 45), (183, 68), 0.4222522479593831, 0.4517776317344486, 1
(176, 60), (182, 83), 0.7645320589351994, 0.22042832558629022, 1
(178, 120), (179, 145), 0.9642528725966057, -0.23195925974437892, 1
(180, 135), (177, 158), -0.4479387315328631, 0.22336189220608893, 1
(177, 150), (176, 176), -0.4869667497103327, -0.9650999837372047, 1
(183, 165), (179, 187), 0.2414320852295897, -0.8439665975350101, 1
(177, 180), (179, 205), -0.48636394143282335, 0.7780968571895828, 1
(183, 195), (178, 218), 0.7574224240175111, 0.4336067414560689, 1
(183, 315), (176, 340), 0.2651329407058989, 0.13592770620099648, 1
(181, 45), (180, 64), -0.1259285380367532, 0.1327661576823158, 1
(182, 60), (185, 79), -0.7020356964040515, -0.5911605249825247, 1
(182, 120), (183, 141), -0.5588499541408862, -0.2735750681916387, 1
(187, 135), (180, 158), -0.8147139309189844, -0.006076125932458876, 1
(180, 150), (185, 172), -0.6317401304443295, -0.009488946774941942, 1
(181, 165), (186, 188), 0.30404744396258065, 0.40006053499411953, 1
(186, 180), (182, 202), -0.5880635325471453, 0.19152236909132614, 1
(187, 195), (185, 216), 0.24677996757128318, -0.48112392484899447, 1
(185, 315), (181, 339), 0.05586699158454711, -0.5080976335394867, 1
(188, 45), (185, 66), -0.02272594430558139, 0.3588707199936616, 1
(191, 135), (187, 154), 0.8966204011995875, -0.3611612556387087, 1
(190, 150), (185, 165), 0.6338857362194743, 0.6832426324035106, 1
(184, 165), (189, 180), -0.638607776218967, -0.8404598776059815, 1
(190, 180), (186, 192), 0.7315653395380248, -0.1664414003802155, 1
(186, 195), (188, 208), -0.14270459937180013, -0.8845750342818917, 1
(191, 315), (184, 328), -0.5493997621546747, 0.05825408574139379, 1
(190, 45), (193, 62), 0.8150420989739584, 0.09833004828987746, 1
(189, 135), (194, 150), 0.07925904958246321, -0.3293707313395735, 1
(190, 150), (193, 168), -0.4606051619678875, 0.29781958577059453, 1
(188, 165), (195, 184), -0.839256308019388, 0.9008513409665249, 1
(194, 180), (193, 198), -0.2925556337202089, -0.5040267740569284, 1
(195, 195), (194, 214), 0.7006498228561082, -0.7295191808036334, 1
(191, 315), (194, 333), 0.53196033739208, -0.01250608223655747, 1
(199, 45), (198, 67), 0.9486479325393533, 0.6398702326374348, 1
(196, 135), (195, 158), 0.7219955075228854, 0.06992433448307622, 1
(194, 150), (194, 171), -0.16370435325198773, -0.21012362457804312, 1
(199, 165), (195, 186), 0.2654443400112527, -0.8577898316304655, 1
(197, 180), (197, 198), -0.2875893605765669, -0.5265872114349262, 1
(197, 195), (194, 211), 0.08231491911324795, -0.03390703125811845, 1
(198, 315), (199, 333), -0.7547468785562836, 0.22343054209246094, 1
(198, 45), (201, 63), 0.5805010412999994, -0.9405857966964077, 1
(202, 135), (198, 154), 0.42644099214257647, 0.1080635339841296, 1
(200, 150), (196, 170), 0.023250860569201004, 0.8605786998597929, 1
(198, 165), (203, 188), 0.6781316261103623, 0.638974424284005, 1
(199, 180), (201, 199), -0.16515510321152016, -0.9061554726699539, 1
(199, 195), (201, 212), 0.8862179631354048, -0.30885874678857994, 1
(201, 315), (199, 333), 0.691862997553053, 0.006934186374379481, 1
(205, 45), (202, 64), -0.6646148756151757, 0.39465813652566983, 1
(205, 135), (205, 150), -0.8432407990194781, 0.7225664804003935, 1
(206, 150), (204, 162), 0.7483037020154064, 0.9279799243001436, 1
(204, 165), (204, 175), 0.9255942987805006, 0.5463994911661927, 1
(206, 180), (204, 190), 0.8402185912841005, 0.16883857192803942, 1
(205, 195), (201, 201), 0.9404223493598411, 0.9932399691386435, 1
(200, 315), (201, 319), -0.7210690299983891, -0.9198166042571316, 1
(204, 45), (206, 68), 0.2097859940938005, -0.4232293756247236, 1
(211, 150), (211, 176), -0.17596979100181986, -0.3191199983453792, 1
(211, 165), (211, 194), -0.4927043878183559, -0.3780727301656668, 1
(205, 180), (204, 211), -0.9701213291551651, -0.2212693442095215, 1
(204, 210), (211, 238), -0.7526994006679448, 0.9593844871315844, 1
(211, 285), (204, 314), -0.7815983544279308, 0.9327093040485266, 1
(210, 45), (214, 64), 0.5594974912586061, -0.6904445115128874, 1
(215, 150), (214, 167), 0.6740515761569676, -0.29668429728276724, 1
(212, 165), (213, 185), 0.5747847349217068, 0.6242957139983529, 1
(210, 285), (214, 306), 0.6119057127101002, 0.7285065503066677, 1
(218, 150), (215, 169), -0.7794175649653605, 0.9110834713844753, 1
(215, 165), (216, 185), -0.9309637558725492, 0.5196564938615111, 1
(219, 285), (214, 303), -0.7248796934970467, -0.9442736855278087, 1
(222, 150), (222, 171), -0.044873650081985295, -0.7580118469779813, 1
(222, 270), (219, 289), 0.4523450539599141, -0.1047875137800649, 1
(223, 285), (223, 303), -0.6479722657732374, -0.7542879575276471, 1
(219, 300), (221, 318), 0.33899509225868285, 0.015313837463420743, 1
(224, 45), (227, 64), 0.2937634802859088, -0.7593222289544481, 1
(227, 270), (222, 285), 0.7434740779721807, 0.20521920693438545, 1
(223, 285), (225, 299), -0.9410327297385574, -0.8321900628489194, 1
(224, 300), (220, 314), -0.9822651049738025, 0.13942879369966188, 1
(231, 45), (225, 67), 0.2229291406771814, 0.6528643935894833, 1
(229, 270), (228, 292), 0.4140623604836562, 0.9437370109065022, 1
(227, 285), (229, 303), -0.40274751357717475, 0.2632164596131037, 1
(228, 300), (229, 319), -0.6141111036909839, 0.13205953839255336, 1
(235, 45), (230, 63), -0.06841717620611387, 0.19670515088204654, 1
(231, 255), (229, 273), 0.30562974986774205, -0.9970244218124511, 1
(232, 270), (233, 291), -0.23129634525052256, -0.7556461029213242, 1
(232, 285), (232, 309), -0.29206497717497815, -0.49013310254233367, 1
(234, 300), (228, 324), -0.006302525807804882, -0.7012920662785096, 1
(238, 255), (235, 274), -0.8490311947352751, -0.19623555739816223, 1
(232, 270), (233, 288), -0.13502698837908378, -0.1880213180552901, 1
(238, 285), (238, 302), -0.057546473400456266, 0.204280443002546, 1
(239, 300), (237, 319), 0.7521647545958772, 0.28593549026938714, 1
(242, 255), (242, 276), -0.5114869283531576, 0.7246567648920734, 1
(243, 270), (243, 287), 0.7516764171502923, -0.8322142517758286, 1
(241, 285), (239, 299), 0.7050670782067481, 0.13853893835196907, 1
(241, 300), (238, 314), -0.988297272539127, 0.6085696731920169, 1
(244, 255), (244, 276), 0.017444172331179564, -0.7338770669740149, 1
(241, 270), (243, 291), 0.46395130123467476, -0.984549301569231, 1
(246, 285), (241, 302), -0.14756654812732717, 0.43990263368998295, 1
(247, 300), (241, 315), 0.09665384269944766, 0.725649036387825, 1
(248, 255), (248, 278), 0.6103040438615572, -0.4857851449070836, 1
(249, 270), (249, 292), -0.6112546380299155, 0.8422714080421918, 1
(244, 285), (247, 305), 0.24025936999573005, 0.9602625856426417, 1
(248, 60), (252, 82), 0.9935764938257181, 0.14422787942008286, 1
(252, 255), (252, 279), -0.9789280465240189, -0.37705380186680704, 1
(252, 270), (255, 294), 0.058474322406642854, -0.7848108617452236, 1
(254, 285), (252, 312), -0.556734041271338, -0.2622677092755714, 1
(255, 60), (254, 80), -0.7663491398491684, 0.4038625572463792, 1
(259, 255), (257, 274), -0.845283038611853, -0.8915913126017851, 1
(255, 270), (259, 288), -0.971044703403384, 0.8447523465404507, 1
(259, 285), (258, 303), 0.7144557814079371, -0.4813181526857915, 1
(259, 135), (262, 155), -0.2146294653559, 0.8251488886813141, 1
(260, 255), (263, 277), 0.02447260180749078, -0.8359529939751842, 1
(262, 270), (256, 294), 0.09037449208751847, -0.8182561346348092, 1
(259, 285), (259, 312), 0.22341834850103992, 0.8263714942466762, 1
(266, 255), (262, 271), 0.130133955932495, -0.6683514470996952, 1
(260, 270), (264, 286), 0.6299322158573775, -0.1512947764678232, 1
(266, 285), (261, 302), 0.8195115172220777, -0.7426368953193743, 1
(265, 135), (265, 155), 0.9914354667427361, 0.8177954252479052, 1
(265, 240), (266, 261), 0.5631144742269314, 0.6289503443461799, 1
(270, 255), (265, 273), 0.17777330945115422, 0.4751678215909696, 1
(264, 270), (270, 288), 0.8134970650618734, -0.18365214266414442, 1
(270, 75), (273, 95), -0.05215724639518671, 0.09614292395787949, 1
(270, 105), (269, 125), 0.5059999043434282, -0.06727611209376105, 1
(268, 120), (269, 139), 0.3796749381610427, -0.650985889411954, 1
(273, 135), (272, 156), 0.054951162070524306, -0.2120066942697274, 1
(272, 240), (269, 260), -0.7300655333863888, 0.3615432574799293, 1
(273, 255), (273, 273), -0.327385891248124, 0.4109748956215553, 1
(270, 270), (268, 289), -0.506150217219556, -0.986980991238491, 1
(272, 75), (273, 97), -0.8213423920230327, -0.7929705234018833, 1
(276, 105), (272, 126), 0.9759791283989248, -0.24010424288960075, 1
(275, 120), (274, 142), 0.19699571054014187, 0.40426566588323753, 1
(274, 135), (277, 155), 0.08739441305660156, -0.08758065721274355, 1
(277, 240), (275, 260), 0.24337879761056969, 0.5879401465519392, 1
(275, 255), (276, 278), -0.2597100993843191, -0.6848015428792367, 1
(279, 270), (274, 291), 0.856520556535284, -0.20742680005322844, 1
(282, 105), (278, 121), 0.6672273451915445, -0.7146486646409531, 1
(278, 120), (281, 139), 0.47561289732056, -0.17368800044495436, 1
(280, 135), (280, 153), -0.18561302858773998, 0.2712611356461676, 1
(276, 270), (279, 291), 0.0976904096104485, -0.253628400229986, 1
(281, 90), (286, 106), -0.7724112173245681, -0.75868695186355, 1
(285, 105), (280, 123), -0.6656922730787307, 0.5149356295992866, 1
(282, 120), (286, 137), -0.6188620505585447, -0.5790533941769542, 1
(287, 135), (282, 150), -0.9653301830599768, -0.48506006104814525, 1
(283, 150), (283, 161), 0.13998243311994818, 0.6421887776246415, 1
(284, 90), (288, 112), 0.6937762575476618, -0.9591467968683043, 1
(291, 105), (284, 124), 0.7601132388430809, -0.41522699475765323, 1
(287, 120), (288, 135), 0.42569186496167855, 0.10743352453630295, 1
(288, 135), (289, 151), 0.6102571468208933, -0.9270926474459045, 1
(287, 150), (288, 162), -0.9624813294188914, -0.3586538362274978, 1
(291, 105), (292, 126), -0.4599859497284342, 0.1274440146848148, 1
(288, 120), (295, 141), 0.5657340836700413, -0.9481473626373458, 1
(291, 135), (295, 153), 0.9603248435536478, -0.8548141766660071, 1
(293, 150), (288, 166), -0.8508490697494355, 0.145017807440595, 1
(289, 165), (292, 177), -0.00695455417870483, -0.21142596645739764, 1
(294, 195), (288, 203), -0.48874322677328563, 0.993247025256101, 1
(288, 255), (294, 266), 0.8808483681392769, 0.7654035437289635, 1
(297, 105), (294, 124), 0.8801673138241273, -0.7123747613129341, 1
(292, 120), (292, 137), -0.08875714759137732, -0.2666120563377743, 1
(295, 135), (293, 148), 0.3077478611340989, 0.3147716431079546, 1
(293, 150), (298, 164), -0.024224031530480694, -0.6271369028444871, 1
(293, 165), (298, 176), -0.09574139137384408, 0.6214170662207472, 1
(300, 120), (296, 138), 0.1775325460092334, 0.08661840295988776, 1
(299, 135), (298, 150), -0.39264761597622844, -0.01427856668251204, 1
(300, 150), (297, 167), 0.48111940593833746, 0.718506401518727, 1
(298, 165), (302, 179), 0.5755530023199782, 0.32042183046753436, 1
(296, 240), (297, 253), 0.49992079013213564, 0.2502134764060244, 1
(303, 120), (301, 142), 0.6689247362825961, 0.32155457888872796, 1
(307, 135), (306, 153), -0.33449005740001936, -0.18544857309190954, 1
(307, 150), (304, 164), 0.12958641813595495, 0.7961980283019361, 1
(300, 165), (300, 177), 0.26877517331326084, 0.8810768908990285, 1
(307, 135), (306, 156), -0.18846397200571618, 0.17067114978298537, 1
(311, 150), (304, 174), -0.14880681915674177, 0.26997356862024646, 1
(306, 225), (311, 252), 0.4774888312133767, 0.31250534559659915, 1
(311, 150), (311, 167), 0.36808347182948387, 0.8910784816160826, 1
(309, 195), (311, 214), -0.8395690588182356, 0.6094584788329289, 1
(312, 210), (312, 227), -0.9819737151900743, 0.4777903444849301, 1
(319, 165), (315, 184), -0.5022206139497813, 0.9797194510869038, 1
(316, 180), (315, 202), 0.9248123633797658, 0.6920380345950135, 1
